Análise de HotSpots

Raio(m): 500
Número de Simulações: 1000
Intervalo de confiança(%): 95

Distância Linear (km)	Easting(m)		Northing(m)		Zona			HS			UCL			LCL
     0.339		 365228.3		 7753297.2		24K		  -8.037244		   4.962268		  -4.491922
     1.016		 365748.2		 7752895.5		24K		  -8.013155		   4.830023		  -4.061408
     1.694		 365979.3		 7752261.3		24K		  -7.896792		   5.017826		  -3.923063
     2.371		 366022.1		 7751602.1		24K		  -8.121481		   4.798153		  -4.146209
     3.049		 365932.9		 7750933.6		24K		  -8.002274		   4.659552		  -4.106328
     3.726		 365630.6		 7750390.2		24K		  -7.926635		   4.544169		  -4.089465
     4.403		 365050.1		 7750040.8		24K		  -7.949959		   5.030381		  -3.956008
     5.081		 364949.6		 7749374.4		24K		  -8.055974		   4.824073		  -4.092882
     5.758		 364954.3		 7748713.4		24K		  -7.807912		   4.940500		  -3.885324
     6.436		 364681.4		 7748115.7		24K		  -7.871401		   4.991982		  -3.913437
     7.113		 364256.0		 7747589.5		24K		  -7.959285		   5.036282		  -3.960649
     7.791		 363944.6		 7746990.2		24K		  -8.036998		   4.962999		  -4.036999
     8.468		 363638.5		 7746387.8		24K		  -7.991000		   4.009000		  -3.991000
     9.146		 363334.7		 7745784.7		24K		  -7.919799		   5.079871		  -3.919901
     9.823		 363039.5		 7745176.9		24K		  -6.861631		   5.128987		  -3.863976
    10.501		 362699.8		 7744596.6		24K		  -6.851376		   5.077892		  -4.863165
    11.178		 362254.7		 7744096.7		24K		  -7.978444		   4.917213		  -4.010549
    11.855		 361820.9		 7743578.6		24K		  -3.841624		   4.112049		  -3.841624
    12.533		 361586.9		 7742956.3		24K		   0.033883		   5.016624		  -3.952310
    13.210		 361475.6		 7742290.9		24K		  -2.093814		   4.905565		  -4.093637
    13.888		 361374.3		 7741624.2		24K		  -5.972440		   5.026528		  -3.972627
    14.565		 361264.6		 7740958.6		24K		  -5.900000		   5.100000		  -3.900000
    15.243		 361155.2		 7740292.9		24K		  -5.926000		   5.074000		  -3.926000
    15.920		 361046.0		 7739627.2		24K		  -5.020000		   4.980000		  -4.020000
    16.598		 360936.7		 7738961.5		24K		  -5.910000		   4.090000		  -3.910000
    17.275		 360831.7		 7738295.3		24K		  -3.923176		   4.995386		  -3.923176
    17.953		 360476.3		 7737735.4		24K		   4.886152		   4.886152		  -4.086582
    18.630		 360019.9		 7737235.6		24K		  12.999718		   5.003582		  -3.992071
    19.307		 359628.8		 7736684.5		24K		   9.905275		   4.905641		  -4.093700
    19.985		 359239.5		 7736131.7		24K		   3.065105		   5.061916		  -3.923734
    20.662		 358957.6		 7735523.6		24K		   0.076727		   5.058983		  -3.909078
    21.340		 358903.3		 7734853.6		24K		  -4.913615		   5.073407		  -3.914913
    22.017		 358920.9		 7734182.0		24K		  -0.895336		   5.086863		  -4.883468
    22.695		 358681.8		 7733551.8		24K		   4.117484		   5.115662		  -3.867940
    23.372		 358326.8		 7732982.8		24K		   5.984681		   3.993438		  -3.971534
    24.050		 357832.4		 7732528.2		24K		  11.746006		   4.843551		  -4.031034
    24.727		 357750.8		 7731872.1		24K		   2.155967		   5.143451		  -3.819000
    25.405		 357809.9		 7731200.4		24K		  -1.031178		   4.878152		  -3.985843
    26.082		 357532.4		 7730618.8		24K		  28.360669		   4.725958		  -4.137059
    26.759		 356997.1		 7730203.2		24K		  41.988592		   4.988952		  -4.010961
    27.437		 356461.8		 7729787.6		24K		  25.118547		   5.118908		  -3.880930
    28.114		 355931.0		 7729366.7		24K		  23.025331		   5.057847		  -3.925895
    28.792		 355500.5		 7728847.9		24K		   4.115204		   5.114525		  -3.879365
    29.469		 355096.5		 7728305.9		24K		   1.127974		   5.127881		  -3.871910
    30.147		 354702.3		 7727756.4		24K		  -1.022000		   4.978000		  -4.022000
    30.824		 354308.1		 7727207.1		24K		  -6.063999		   4.936000		  -4.064000
    31.502		 353913.5		 7726658.1		24K		  -5.969999		   5.029999		  -3.970000
    32.179		 353519.8		 7726108.3		24K		  -4.197911		   5.789981		  -4.197911
    32.857		 353188.4		 7725521.9		24K		  -2.073678		   4.918493		  -4.071442
    33.534		 352903.3		 7724909.7		24K		  -3.022000		   4.977999		  -4.021999
    34.211		 352619.0		 7724297.1		24K		  -3.975999		   5.023998		  -3.975999
    34.889		 352327.4		 7723688.1		24K		  -4.974502		   4.996438		  -3.977408
    35.566		 351861.0		 7723204.0		24K		  -4.186056		   4.716237		  -4.186056
    36.244		 351508.9		 7722657.4		24K		  -4.168295		   4.710913		  -4.168295
    36.921		 351434.4		 7721987.1		24K		  -5.964987		   5.034989		  -3.964992
    37.599		 351363.8		 7721316.3		24K		   4.059432		   5.059292		  -3.939449
    38.276		 351264.3		 7720649.6		24K		   0.045965		   5.042116		  -3.950956
    38.954		 351043.5		 7720012.6		24K		  -3.054041		   4.932991		  -4.052421
    39.631		 350744.2		 7719410.2		24K		  -7.330153		   4.372167		  -3.729439
    40.309		 350202.6		 7719313.8		24K		   8.472222		   4.835295		  -4.257023
    40.986		 349640.5		 7719689.9		24K		  10.161170		   5.170909		  -3.811562
    41.663		 348979.0		 7719837.7		24K		  10.970191		   4.975005		  -4.017774
    42.341		 348325.5		 7719993.0		24K		  21.330712		   4.626174		  -4.217404
    43.018		 347697.6		 7720193.6		24K		  11.726457		   4.804693		  -4.094718
    43.696		 347022.9		 7720225.4		24K		   8.950430		   4.980841		  -3.950733
    44.373		 346354.7		 7720280.4		24K		   4.070148		   5.066512		  -3.900766
    45.051		 345690.9		 7720151.7		24K		   4.943819		   4.943819		  -4.035872
    45.728		 345013.7		 7720158.2		24K		  19.739028		   4.445606		  -4.156943
    46.406		 344542.6		 7719758.8		24K		   3.604423		   5.560691		  -4.220648
    47.083		 344239.8		 7719163.3		24K		   2.861045		   4.818654		  -3.990586
    47.761		 343907.2		 7718612.6		24K		   3.830172		   4.795923		  -3.895843
    48.438		 343295.8		 7718415.4		24K		   2.571900		   4.485516		  -4.125756
    49.115		 342746.5		 7718058.4		24K		  -2.192012		   4.701107		  -4.161474
    49.793		 342098.5		 7717918.2		24K		   2.625941		   4.539195		  -4.070448
    50.470		 341496.1		 7717741.8		24K		   6.205468		   4.305447		  -4.244647
    51.148		 340911.7		 7717423.2		24K		  -3.998262		   4.922006		  -3.998262
    51.825		 340502.1		 7716896.3		24K		  -0.390514		   5.380634		  -4.237947
    52.503		 339896.4		 7716745.4		24K		  -0.293804		   4.522651		  -4.146968
    53.180		 339446.8		 7716240.4		24K		  -4.212939		   5.658052		  -4.212939
    53.858		 338882.2		 7715937.4		24K		  -5.136112		   5.422145		  -4.176271
    54.535		 338334.7		 7715552.2		24K		  -2.960056		   4.991739		  -3.954030
    55.213		 337712.7		 7715294.8		24K		  -3.392846		   5.044738		  -4.330356
    55.890		 337554.3		 7714707.8		24K		  -6.113048		   4.586002		  -4.167766
    56.567		 337319.9		 7714098.0		24K		  -7.111845		   4.620646		  -4.178722
    57.245		 336865.8		 7713625.7		24K		  -5.997881		   4.738765		  -4.045764
    57.922		 336946.4		 7712989.6		24K		  -3.071694		   4.704746		  -4.043748
    58.600		 337208.9		 7712390.0		24K		  -4.023439		   4.821443		  -4.023439
    59.277		 337082.5		 7711727.4		24K		   0.774114		   4.683779		  -4.112968
    59.955		 337344.4		 7711132.9		24K		   1.823897		   4.720504		  -3.969317
    60.632		 337016.6		 7710582.1		24K		   0.916936		   4.899286		  -4.061002
    61.310		 336515.8		 7710128.6		24K		  -0.914574		   4.066764		  -3.903376
    61.987		 336061.2		 7709637.8		24K		  -2.114882		   4.809428		  -4.093256
    62.665		 335861.1		 7709006.7		24K		  -5.207484		   4.705868		  -4.216148
    63.342		 335885.6		 7708338.8		24K		  -7.031673		   4.899898		  -4.048780
    64.019		 336266.2		 7707781.9		24K		  -7.989604		   4.853830		  -4.037778
    64.697		 336789.1		 7707406.4		24K		  -6.947598		   4.729037		  -4.028439
    65.374		 337432.8		 7707237.0		24K		  -6.001128		   4.577783		  -4.077689
    66.052		 337788.7		 7706702.0		24K		   0.995660		   4.938870		  -3.933352
    66.729		 338287.9		 7706260.5		24K		   4.013824		   5.006117		  -3.924518
    67.407		 338419.9		 7705685.4		24K		  -0.238052		   5.196935		  -4.586043
