Análise de HotSpots

Raio(m): 500
Número de Simulações: 1000
Intervalo de confiança(%): 95

Distância Linear (km)	Easting(m)		Northing(m)		Zona			HS			UCL			LCL
     0.339		 365228.3		 7753297.2		24K		  -0.636976		   1.726572		  -0.636976
     1.016		 365748.2		 7752895.5		24K		  -0.695507		   1.280366		  -0.695507
     1.694		 365979.3		 7752261.3		24K		  -0.647718		   1.339146		  -0.647718
     2.371		 366022.1		 7751602.1		24K		  -0.633062		   1.354574		  -0.633062
     3.049		 365932.9		 7750933.6		24K		  -0.652571		   1.295402		  -0.652571
     3.726		 365630.6		 7750390.2		24K		  -0.627377		   1.291208		  -0.627377
     4.403		 365050.1		 7750040.8		24K		  -0.634040		   1.362936		  -0.634040
     5.081		 364949.6		 7749374.4		24K		  -0.650938		   1.330608		  -0.650938
     5.758		 364954.3		 7748713.4		24K		  -0.664879		   1.296415		  -0.664879
     6.436		 364681.4		 7748115.7		24K		  -0.660980		   1.318002		  -0.660980
     7.113		 364256.0		 7747589.5		24K		  -0.659775		   1.339543		  -0.659775
     7.791		 363944.6		 7746990.2		24K		  -0.644000		   1.356000		  -0.644000
     8.468		 363638.5		 7746387.8		24K		  -0.618000		   1.382000		  -0.618000
     9.146		 363334.7		 7745784.7		24K		  -0.603985		   1.395965		  -0.603985
     9.823		 363039.5		 7745176.9		24K		  -0.610522		   1.387914		  -0.610522
    10.501		 362699.8		 7744596.6		24K		  -0.614357		   1.373854		  -0.614357
    11.178		 362254.7		 7744096.7		24K		  -0.621967		   1.361980		  -0.621967
    11.855		 361820.9		 7743578.6		24K		  -0.659161		   1.329258		  -0.659161
    12.533		 361586.9		 7742956.3		24K		   0.332847		   1.329395		  -0.663701
    13.210		 361475.6		 7742290.9		24K		  -0.642943		   1.356880		  -0.642943
    13.888		 361374.3		 7741624.2		24K		  -0.621942		   1.377871		  -0.621942
    14.565		 361264.6		 7740958.6		24K		  -0.662000		   1.338000		  -0.662000
    15.243		 361155.2		 7740292.9		24K		  -0.652000		   1.348000		  -0.652000
    15.920		 361046.0		 7739627.2		24K		  -0.686000		   1.314000		  -0.686000
    16.598		 360936.7		 7738961.5		24K		   0.304000		   1.304000		  -0.696000
    17.275		 360831.7		 7738295.3		24K		   1.329857		   1.329857		  -0.652046
    17.953		 360476.3		 7737735.4		24K		   1.349898		   1.349898		  -0.644043
    18.630		 360019.9		 7737235.6		24K		   1.343351		   1.343351		  -0.655683
    19.307		 359628.8		 7736684.5		24K		   1.334902		   1.334902		  -0.664951
    19.985		 359239.5		 7736131.7		24K		  -0.675921		   1.320891		  -0.675921
    20.662		 358957.6		 7735523.6		24K		   0.311889		   1.308340		  -0.684562
    21.340		 358903.3		 7734853.6		24K		  -0.714072		   1.283332		  -0.714072
    22.017		 358920.9		 7734182.0		24K		   0.335003		   1.332036		  -0.662030
    22.695		 358681.8		 7733551.8		24K		  -0.704714		   1.291642		  -0.704714
    23.372		 358326.8		 7732982.8		24K		   0.358424		   1.354045		  -0.637198
    24.050		 357832.4		 7732528.2		24K		  -0.666580		   1.305550		  -0.666580
    24.727		 357750.8		 7731872.1		24K		  -0.638326		   1.353330		  -0.638326
    25.405		 357809.9		 7731200.4		24K		  -0.655936		   1.313841		  -0.655936
    26.082		 357532.4		 7730618.8		24K		  -0.651924		   1.317635		  -0.651924
    26.759		 356997.1		 7730203.2		24K		   1.354987		   1.354987		  -0.644994
    27.437		 356461.8		 7729787.6		24K		   2.332958		   1.332976		  -0.666988
    28.114		 355931.0		 7729366.7		24K		   3.381880		   1.385493		  -0.610894
    28.792		 355500.5		 7728847.9		24K		   4.328060		   1.330096		  -0.668546
    29.469		 355096.5		 7728305.9		24K		   3.332923		   1.332969		  -0.666985
    30.147		 354702.3		 7727756.4		24K		   0.345000		   1.345000		  -0.655000
    30.824		 354308.1		 7727207.1		24K		   0.372000		   1.372000		  -0.628000
    31.502		 353913.5		 7726658.1		24K		   0.352000		   1.352000		  -0.648000
    32.179		 353519.8		 7726108.3		24K		  -0.635230		   1.362348		  -0.635230
    32.857		 353188.4		 7725521.9		24K		  -0.648274		   1.349489		  -0.648274
    33.534		 352903.3		 7724909.7		24K		  -0.657000		   1.343000		  -0.657000
    34.211		 352619.0		 7724297.1		24K		   0.374000		   1.373999		  -0.626000
    34.889		 352327.4		 7723688.1		24K		   0.359951		   1.357045		  -0.637143
    35.566		 351861.0		 7723204.0		24K		  -0.653824		   1.324463		  -0.653824
    36.244		 351508.9		 7722657.4		24K		  -0.649169		   1.323989		  -0.649169
    36.921		 351434.4		 7721987.1		24K		   0.347999		   1.347997		  -0.651999
    37.599		 351363.8		 7721316.3		24K		   1.326814		   1.326814		  -0.672906
    38.276		 351264.3		 7720649.6		24K		   1.374941		   1.374941		  -0.623520
    38.954		 351043.5		 7720012.6		24K		  -0.611008		   1.385750		  -0.611008
    39.631		 350744.2		 7719410.2		24K		   0.251150		   1.151328		  -0.649029
    40.309		 350202.6		 7719313.8		24K		   2.073958		   1.164726		  -0.653738
    40.986		 349640.5		 7719689.9		24K		   1.308447		   1.308447		  -0.687658
    41.663		 348979.0		 7719837.7		24K		  -0.686449		   1.311946		  -0.686449
    42.341		 348325.5		 7719993.0		24K		  -0.668182		   1.297058		  -0.668182
    43.018		 347697.6		 7720193.6		24K		   0.306535		   1.295359		  -0.682288
    43.696		 347022.9		 7720225.4		24K		   0.336423		   1.328820		  -0.655975
    44.373		 346354.7		 7720280.4		24K		  -0.682509		   1.310219		  -0.682509
    45.051		 345690.9		 7720151.7		24K		   0.340231		   1.337974		  -0.657513
    45.728		 345013.7		 7720158.2		24K		   0.342190		   1.298029		  -0.613649
    46.406		 344542.6		 7719758.8		24K		  -0.676869		   1.279399		  -0.676869
    47.083		 344239.8		 7719163.3		24K		  -0.698866		   1.258742		  -0.698866
    47.761		 343907.2		 7718612.6		24K		  -0.702102		   1.229402		  -0.702102
    48.438		 343295.8		 7718415.4		24K		   0.338710		   1.295518		  -0.618098
    49.115		 342746.5		 7718058.4		24K		   0.373213		   1.357944		  -0.611518
    49.793		 342098.5		 7717918.2		24K		  -0.640940		   1.272314		  -0.640940
    50.470		 341496.1		 7717741.8		24K		   0.302103		   1.252114		  -0.647907
    51.148		 340911.7		 7717423.2		24K		  -0.689834		   1.292448		  -0.689834
    51.825		 340502.1		 7716896.3		24K		   0.320299		   1.282157		  -0.641559
    52.503		 339896.4		 7716745.4		24K		   1.320672		   1.320672		  -0.605910
    53.180		 339446.8		 7716240.4		24K		   0.363252		   1.350352		  -0.623847
    53.858		 338882.2		 7715937.4		24K		   2.225873		   1.266031		  -0.653652
    54.535		 338334.7		 7715552.2		24K		   2.339816		   1.345841		  -0.642107
    55.213		 337712.7		 7715294.8		24K		   0.286878		   1.224387		  -0.650631
    55.890		 337554.3		 7714707.8		24K		  -0.595256		   1.350026		  -0.595256
    56.567		 337319.9		 7714098.0		24K		  -0.586625		   1.368791		  -0.586625
    57.245		 336865.8		 7713625.7		24K		  -0.604180		   1.347937		  -0.604180
    57.922		 336946.4		 7712989.6		24K		  -0.641556		   1.302554		  -0.641556
    58.600		 337208.9		 7712390.0		24K		  -0.626021		   1.339508		  -0.626021
    59.277		 337082.5		 7711727.4		24K		   0.387057		   1.364473		  -0.590359
    59.955		 337344.4		 7711132.9		24K		   0.313799		   1.279335		  -0.651737
    60.632		 337016.6		 7710582.1		24K		  -0.639167		   1.352008		  -0.639167
    61.310		 336515.8		 7710128.6		24K		  -0.658533		   1.334002		  -0.658533
    61.987		 336061.2		 7709637.8		24K		  -0.631101		   1.347273		  -0.631101
    62.665		 335861.1		 7709006.7		24K		  -0.635446		   1.347225		  -0.635446
    63.342		 335885.6		 7708338.8		24K		  -0.631379		   1.357216		  -0.631379
    64.019		 336266.2		 7707781.9		24K		  -0.611545		   1.364368		  -0.611545
    64.697		 336789.1		 7707406.4		24K		  -0.666541		   1.279565		  -0.666541
    65.374		 337432.8		 7707237.0		24K		  -0.702055		   1.221383		  -0.702055
    66.052		 337788.7		 7706702.0		24K		  -0.677246		   1.294359		  -0.677246
    66.729		 338287.9		 7706260.5		24K		  -0.655905		   1.328680		  -0.655905
    67.407		 338419.9		 7705685.4		24K		   0.431538		   1.518536		  -0.655460
