Estatística K de Ripley 

Intervalo de Confiança (%): 95
Número de Simulações: 100
Raio Inicial (km): 0.5
Passo (km): 0.5

r(km)			L			UCL			LCL
   0.500		  +960.750		  +322.508		  -290.511
   1.000		  +952.326		  +551.011		  -437.922
   1.500		 +1655.299		  +704.021		  -522.283
   2.000		 +1773.622		  +927.199		  -662.651
   2.500		 +2326.231		  +923.099		  -743.035
   3.000		 +2573.567		  +961.040		  -825.060
   3.500		 +2324.070		 +1215.206		  -850.001
   4.000		 +2122.542		 +1226.736		  -944.227
   4.500		 +2347.504		 +1438.721		 -1047.347
   5.000		 +2179.894		 +1427.324		 -1026.817
   5.500		 +2471.733		 +1683.944		 -1041.125
   6.000		 +2237.381		 +1682.915		 -1162.041
   6.500		 +2555.691		 +1765.499		 -1212.657
   7.000		 +2968.587		 +1962.717		 -1078.206
   7.500		 +2998.333		 +2026.203		 -1313.808
   8.000		 +3812.308		 +1949.759		 -1311.955
   8.500		 +3793.171		 +2315.682		 -1324.283
   9.000		 +3729.904		 +2712.040		 -1327.428
   9.500		 +3676.495		 +2478.381		 -1232.360
  10.000		 +3650.448		 +2525.346		 -1290.994
  10.500		 +3330.284		 +2274.482		 -1376.330
  11.000		 +3209.605		 +2877.338		 -1468.642
  11.500		 +3075.411		 +2860.689		 -1643.201
  12.000		 +2544.009		 +2884.017		 -1548.955
  12.500		 +2200.011		 +2976.310		 -1494.502
  13.000		 +2464.374		 +3131.014		 -1546.382
  13.500		 +2294.060		 +3068.825		 -1513.242
  14.000		 +2754.646		 +2897.082		 -1615.506
  14.500		 +2686.890		 +2838.396		 -1687.223
  15.000		 +3094.223		 +3124.403		 -1679.231
  15.500		 +3298.294		 +2883.757		 -1555.747
  16.000		 +3554.283		 +2879.726		 -1746.844
  16.500		 +3438.538		 +2640.578		 -1984.951
  17.000		 +3573.099		 +2764.087		 -1681.123
  17.500		 +3710.932		 +2791.468		 -1725.461
  18.000		 +3806.710		 +3082.945		 -1766.290
  18.500		 +4180.326		 +2852.744		 -1863.756
  19.000		 +4210.677		 +2650.973		 -1979.115
  19.500		 +4359.168		 +2744.983		 -1834.166
  20.000		 +4907.858		 +2775.398		 -1894.951
  20.500		 +4917.801		 +2690.760		 -1874.872
  21.000		 +5275.231		 +2481.109		 -2121.077
  21.500		 +5727.295		 +2606.964		 -2114.612
  22.000		 +6054.860		 +2375.922		 -1970.964
  22.500		 +6366.253		 +2590.064		 -2135.875
  23.000		 +6740.161		 +2761.864		 -2243.754
  23.500		 +7425.586		 +2869.737		 -2203.320
  24.000		 +7388.538		 +3111.666		 -2141.479
  24.500		 +7178.009		 +2948.016		 -2346.762
  25.000		 +7313.303		 +3060.371		 -2230.092
  25.500		 +7333.188		 +3097.850		 -2425.735
  26.000		 +7010.559		 +3092.924		 -2676.245
  26.500		 +6889.107		 +2892.968		 -2818.380
  27.000		 +6727.702		 +2913.843		 -2740.020
  27.500		 +6783.065		 +2989.015		 -2822.217
  28.000		 +6681.830		 +3009.870		 -2924.415
  28.500		 +6623.790		 +2943.632		 -3023.936
  29.000		 +6558.709		 +3032.589		 -3282.262
  29.500		 +6584.755		 +3120.071		 -3475.515
  30.000		 +6580.653		 +2926.188		 -3523.320
  30.500		 +6609.571		 +2925.093		 -3585.817
  31.000		 +6438.369		 +2879.787		 -3601.956
  31.500		 +6107.527		 +2842.086		 -3800.406
  32.000		 +5709.604		 +3096.661		 -3525.796
  32.500		 +5466.302		 +2972.520		 -3162.520
  33.000		 +5077.169		 +2909.470		 -3190.889
  33.500		 +4925.385		 +2699.264		 -3475.700
  34.000		 +4475.671		 +2671.862		 -3269.662
  34.500		 +4177.629		 +2608.045		 -3208.341
  35.000		 +4123.773		 +2722.997		 -3195.255
  35.500		 +3826.808		 +2958.324		 -2940.974
  36.000		 +3708.111		 +2925.596		 -2821.654
  36.500		 +3509.156		 +2811.787		 -2681.825
  37.000		 +3449.064		 +2784.930		 -2621.900
  37.500		 +3430.335		 +2660.454		 -2831.745
  38.000		 +3196.959		 +2525.783		 -2890.582
  38.500		 +3410.056		 +2686.676		 -2914.315
  39.000		 +3383.503		 +2524.841		 -2898.970
  39.500		 +3084.316		 +2455.392		 -2818.214
  40.000		 +2922.013		 +2404.170		 -2758.301
  40.500		 +3133.596		 +2311.329		 -2750.023
  41.000		 +2870.358		 +2174.134		 -2407.910
  41.500		 +3055.941		 +2124.204		 -2364.802
  42.000		 +3062.511		 +1849.338		 -2330.498
  42.500		 +3223.327		 +1816.585		 -2265.861
  43.000		 +3288.436		 +1779.263		 -2440.220
  43.500		 +3177.300		 +1751.617		 -2240.728
  44.000		 +2965.850		 +1640.338		 -1805.056
  44.500		 +2836.611		 +1762.934		 -1545.123
  45.000		 +2690.057		 +1757.774		 -1670.001
  45.500		 +2473.174		 +1634.645		 -1514.384
  46.000		 +2292.383		 +1476.796		 -1566.288
  46.500		 +2073.596		 +1441.090		 -1713.227
  47.000		 +1873.942		 +1270.958		 -1427.944
  47.500		 +1636.846		 +1474.643		 -1279.339
  48.000		 +1443.364		 +1325.138		 -1215.524
  48.500		 +1234.513		 +1082.034		 -1188.137
  49.000		 +1053.677		 +1096.672		  -976.964
  49.500		  +922.457		 +1073.265		 -1123.123
  50.000		  +756.730		 +1064.076		  -974.028
  50.500		  +630.888		  +913.008		  -840.820
  51.000		  +533.871		  +777.757		  -651.709
  51.500		  +457.058		  +668.585		  -638.543
  52.000		  +286.266		  +532.313		  -652.736
  52.500		  +228.456		  +466.252		  -591.390
  53.000		   +83.095		  +373.131		  -518.824
  53.500		   +78.237		  +302.034		  -513.500
  54.000		   +19.927		  +181.429		  -262.147
  54.500		    -5.393		   +58.851		  -115.151
  55.000		    -3.109		   +16.528		    -3.109
  55.500		    +0.000		    +0.000		    +0.000
  56.000		    -0.000		    -0.000		    -0.000
  56.500		    +0.000		    +0.000		    +0.000
  57.000		    +0.000		    +0.000		    +0.000
  57.500		    -0.000		    -0.000		    -0.000
  58.000		    -0.000		    -0.000		    -0.000
  58.500		    +0.000		    +0.000		    +0.000
  59.000		    +0.000		    +0.000		    +0.000
  59.500		    -0.000		    -0.000		    -0.000
  60.000		    -0.000		    -0.000		    -0.000
  60.500		    +0.000		    +0.000		    +0.000
  61.000		    +0.000		    +0.000		    +0.000
  61.500		    -0.000		    -0.000		    -0.000
  62.000		    +0.000		    +0.000		    +0.000
  62.500		    +0.000		    +0.000		    +0.000
  63.000		    +0.000		    +0.000		    +0.000
  63.500		    -0.000		    -0.000		    -0.000
  64.000		    +0.000		    +0.000		    +0.000
  64.500		    +0.000		    +0.000		    +0.000
  65.000		    -0.000		    -0.000		    -0.000
  65.500		    +0.000		    +0.000		    +0.000
  66.000		    +0.000		    +0.000		    +0.000
  66.500		    +0.000		    +0.000		    +0.000
  67.000		    -0.000		    -0.000		    -0.000
  67.500		    +0.000		    +0.000		    +0.000
