Análise de HotSpots

Raio(m): 500
Número de Simulações: 1000
Intervalo de confiança(%): 95

Distância Linear (km)	Easting(m)		Northing(m)		Zona			HS			UCL			LCL
     0.339		 365228.3		 7753297.2		24K		  -7.783162		   5.216350		  -4.237841
     1.016		 365748.2		 7752895.5		24K		  -7.625884		   4.229357		  -4.662073
     1.694		 365979.3		 7752261.3		24K		  -7.687178		   5.227440		  -4.706881
     2.371		 366022.1		 7751602.1		24K		  -7.694139		   5.225495		  -3.718867
     3.049		 365932.9		 7750933.6		24K		  -7.894162		   4.767665		  -3.998215
     3.726		 365630.6		 7750390.2		24K		  -7.712713		   4.758092		  -3.875542
     4.403		 365050.1		 7750040.8		24K		  -7.839127		   5.141213		  -3.845176
     5.081		 364949.6		 7749374.4		24K		  -7.807290		   5.072757		  -3.844198
     5.758		 364954.3		 7748713.4		24K		  -7.994235		   4.754177		  -4.071647
     6.436		 364681.4		 7748115.7		24K		  -7.891190		   4.972192		  -3.933227
     7.113		 364256.0		 7747589.5		24K		  -7.896307		   5.099261		  -4.897330
     7.791		 363944.6		 7746990.2		24K		  -7.867998		   5.131999		  -3.867999
     8.468		 363638.5		 7746387.8		24K		  -6.721000		   5.279000		  -4.721000
     9.146		 363334.7		 7745784.7		24K		  -5.843852		   5.155869		  -3.843903
     9.823		 363039.5		 7745176.9		24K		  -6.774699		   4.216700		  -3.777044
    10.501		 362699.8		 7744596.6		24K		  -4.780654		   4.166297		  -4.780654
    11.178		 362254.7		 7744096.7		24K		  -2.771574		   4.172241		  -3.763548
    11.855		 361820.9		 7743578.6		24K		  -2.804664		   5.149009		  -3.798873
    12.533		 361586.9		 7742956.3		24K		  -2.884011		   5.088375		  -3.880559
    13.210		 361475.6		 7742290.9		24K		  -1.741846		   5.257534		  -4.741580
    13.888		 361374.3		 7741624.2		24K		  -3.674655		   4.324594		  -4.674561
    14.565		 361264.6		 7740958.6		24K		  -7.538000		   4.462000		  -4.538000
    15.243		 361155.2		 7740292.9		24K		  -7.653000		   5.347000		  -4.653000
    15.920		 361046.0		 7739627.2		24K		  -6.722000		   4.278000		  -3.722000
    16.598		 360936.7		 7738961.5		24K		  -5.697000		   4.303000		  -3.697000
    17.275		 360831.7		 7738295.3		24K		  -5.806975		   5.093490		  -3.825072
    17.953		 360476.3		 7737735.4		24K		   1.276122		   5.264004		  -4.705700
    18.630		 360019.9		 7737235.6		24K		  12.307053		   5.310434		  -3.685219
    19.307		 359628.8		 7736684.5		24K		  10.392240		   4.392679		  -4.606663
    19.985		 359239.5		 7736131.7		24K		   2.293338		   4.290149		  -4.695501
    20.662		 358957.6		 7735523.6		24K		   0.210251		   4.196056		  -3.775553
    21.340		 358903.3		 7734853.6		24K		  -5.761513		   5.224211		  -3.764109
    22.017		 358920.9		 7734182.0		24K		   0.280166		   4.268299		  -3.707966
    22.695		 358681.8		 7733551.8		24K		   2.191999		   4.188355		  -3.797069
    23.372		 358326.8		 7732982.8		24K		  -0.846278		   4.131829		  -3.833143
    24.050		 357832.4		 7732528.2		24K		   7.999945		   5.041750		  -4.818899
    24.727		 357750.8		 7731872.1		24K		  -1.611249		   4.363718		  -4.598733
    25.405		 357809.9		 7731200.4		24K		  -6.530795		   5.287866		  -3.576130
    26.082		 357532.4		 7730618.8		24K		   4.035627		   5.020407		  -3.842610
    26.759		 356997.1		 7730203.2		24K		  11.203891		   4.203959		  -3.795963
    27.437		 356461.8		 7729787.6		24K		   5.241906		   5.241906		  -3.757932
    28.114		 355931.0		 7729366.7		24K		   9.161421		   5.168646		  -3.815096
    28.792		 355500.5		 7728847.9		24K		   1.248152		   5.245437		  -3.748453
    29.469		 355096.5		 7728305.9		24K		   0.253994		   5.253878		  -3.745913
    30.147		 354702.3		 7727756.4		24K		   1.190000		   4.190000		  -3.810000
    30.824		 354308.1		 7727207.1		24K		  -2.699000		   4.301000		  -3.699000
    31.502		 353913.5		 7726658.1		24K		  -4.015999		   4.983999		  -4.015999
    32.179		 353519.8		 7726108.3		24K		  -3.715496		   4.274818		  -4.714285
    32.857		 353188.4		 7725521.9		24K		  -1.696101		   4.297189		  -3.693864
    33.534		 352903.3		 7724909.7		24K		  -3.764999		   5.234999		  -4.764999
    34.211		 352619.0		 7724297.1		24K		   1.018000		   5.017998		  -3.981999
    34.889		 352327.4		 7723688.1		24K		   1.102786		   5.091162		  -3.882684
    35.566		 351861.0		 7723204.0		24K		  -3.082172		   4.830978		  -4.071315
    36.244		 351508.9		 7722657.4		24K		  -3.921650		   4.957558		  -3.921650
    36.921		 351434.4		 7721987.1		24K		  -0.740998		   5.258989		  -3.740992
    37.599		 351363.8		 7721316.3		24K		  15.350853		   4.352391		  -3.646490
    38.276		 351264.3		 7720649.6		24K		  11.281309		   4.286698		  -3.707144
    38.954		 351043.5		 7720012.6		24K		   7.200310		   5.203552		  -3.781860
    39.631		 350744.2		 7719410.2		24K		  -6.786445		   4.915875		  -4.085910
    40.309		 350202.6		 7719313.8		24K		   7.673007		   4.945312		  -4.147006
    40.986		 349640.5		 7719689.9		24K		  -1.783519		   5.202847		  -4.777676
    41.663		 348979.0		 7719837.7		24K		  -0.709430		   4.286558		  -3.707023
    42.341		 348325.5		 7719993.0		24K		   4.026776		   5.009396		  -4.816803
    43.018		 347697.6		 7720193.6		24K		   8.936986		   4.981693		  -3.917718
    43.696		 347022.9		 7720225.4		24K		   6.175688		   5.183290		  -3.748284
    44.373		 346354.7		 7720280.4		24K		   7.168841		   4.179748		  -3.791166
    45.051		 345690.9		 7720151.7		24K		  12.126574		   5.142370		  -4.835065
    45.728		 345013.7		 7720158.2		24K		  25.691036		   4.662582		  -3.939968
    46.406		 344542.6		 7719758.8		24K		   4.837850		   4.837850		  -3.965355
    47.083		 344239.8		 7719163.3		24K		   2.133794		   5.070207		  -3.739033
    47.761		 343907.2		 7718612.6		24K		   6.731290		   4.799786		  -3.891980
    48.438		 343295.8		 7718415.4		24K		   4.699841		   4.699841		  -3.911431
    49.115		 342746.5		 7718058.4		24K		  -1.775471		   4.132917		  -3.744933
    49.793		 342098.5		 7717918.2		24K		   5.688104		   4.731477		  -3.878166
    50.470		 341496.1		 7717741.8		24K		   7.412932		   4.562900		  -3.987194
    51.148		 340911.7		 7717423.2		24K		  -0.823638		   5.123207		  -3.797061
    51.825		 340502.1		 7716896.3		24K		   2.877879		   4.801596		  -3.855127
    52.503		 339896.4		 7716745.4		24K		   2.756939		   4.683521		  -3.986098
    53.180		 339446.8		 7716240.4		24K		  -3.842777		   5.041115		  -4.829876
    53.858		 338882.2		 7715937.4		24K		  -1.045267		   4.713782		  -3.924792
    54.535		 338334.7		 7715552.2		24K		   4.298939		   4.298939		  -3.652856
    55.213		 337712.7		 7715294.8		24K		   4.513170		   4.513170		  -3.924414
    55.890		 337554.3		 7714707.8		24K		   0.921091		   4.811655		  -3.942114
    56.567		 337319.9		 7714098.0		24K		  -2.984941		   3.859012		  -3.962649
    57.245		 336865.8		 7713625.7		24K		  -3.923756		   4.860773		  -3.923756
    57.922		 336946.4		 7712989.6		24K		   2.875338		   4.819448		  -3.929046
    58.600		 337208.9		 7712390.0		24K		  -1.824011		   5.055341		  -3.789541
    59.277		 337082.5		 7711727.4		24K		   4.930088		   3.952671		  -3.866659
    59.955		 337344.4		 7711132.9		24K		   5.864663		   4.899128		  -4.756228
    60.632		 337016.6		 7710582.1		24K		   4.133680		   5.129267		  -4.826608
    61.310		 336515.8		 7710128.6		24K		  -0.804984		   5.172621		  -3.793787
    61.987		 336061.2		 7709637.8		24K		  -0.899171		   5.035952		  -3.866732
    62.665		 335861.1		 7709006.7		24K		  -1.850823		   5.088523		  -3.833493
    63.342		 335885.6		 7708338.8		24K		  -0.792455		   5.173330		  -3.775348
    64.019		 336266.2		 7707781.9		24K		  -4.802457		   5.077109		  -3.814500
    64.697		 336789.1		 7707406.4		24K		  -5.742958		   3.987571		  -3.796852
    65.374		 337432.8		 7707237.0		24K		  -4.035374		   4.620099		  -4.035374
    66.052		 337788.7		 7706702.0		24K		  -2.882486		   5.003933		  -3.868289
    66.729		 338287.9		 7706260.5		24K		  -1.787119		   5.158930		  -3.771705
    67.407		 338419.9		 7705685.4		24K		  -0.170659		   5.264329		  -4.518649
