Análise de HotSpots

Raio(m): 500
Número de Simulações: 1000
Intervalo de confiança(%): 95

Distância Linear (km)	Easting(m)		Northing(m)		Zona			HS			UCL			LCL
     0.339		 365228.3		 7753297.2		24K		  -3.360965		   3.729678		  -3.360965
     1.016		 365748.2		 7752895.5		24K		  -3.295757		   2.631863		  -2.307820
     1.694		 365979.3		 7752261.3		24K		  -3.422374		   3.531651		  -2.428941
     2.371		 366022.1		 7751602.1		24K		  -3.435629		   3.521097		  -2.441811
     3.049		 365932.9		 7750933.6		24K		  -3.332008		   3.485898		  -2.358022
     3.726		 365630.6		 7750390.2		24K		  -3.271188		   3.443861		  -2.311895
     4.403		 365050.1		 7750040.8		24K		  -3.353920		   2.637006		  -2.355432
     5.081		 364949.6		 7749374.4		24K		  -3.337914		   3.597496		  -2.347141
     5.758		 364954.3		 7748713.4		24K		  -3.444032		   3.420497		  -2.463385
     6.436		 364681.4		 7748115.7		24K		  -3.232667		   2.704279		  -2.243176
     7.113		 364256.0		 7747589.5		24K		  -3.271884		   2.726070		  -2.272225
     7.791		 363944.6		 7746990.2		24K		  -3.270999		   2.728999		  -2.270999
     8.468		 363638.5		 7746387.8		24K		  -2.335000		   3.665000		  -2.335000
     9.146		 363334.7		 7745784.7		24K		  -3.420913		   3.578909		  -2.420939
     9.823		 363039.5		 7745176.9		24K		  -2.349162		   3.646147		  -2.349162
    10.501		 362699.8		 7744596.6		24K		   0.624298		   2.612510		  -2.358019
    11.178		 362254.7		 7744096.7		24K		   4.551175		   3.559201		  -2.392640
    11.855		 361820.9		 7743578.6		24K		   0.598514		   3.581141		  -2.384113
    12.533		 361586.9		 7742956.3		24K		  -2.327937		   2.654804		  -2.327937
    13.210		 361475.6		 7742290.9		24K		  -3.301707		   3.697672		  -2.301796
    13.888		 361374.3		 7741624.2		24K		  -3.291691		   2.707746		  -2.291785
    14.565		 361264.6		 7740958.6		24K		  -3.379000		   3.621000		  -2.379000
    15.243		 361155.2		 7740292.9		24K		  -3.306000		   2.694000		  -2.306000
    15.920		 361046.0		 7739627.2		24K		  -3.274000		   2.726000		  -2.274000
    16.598		 360936.7		 7738961.5		24K		  -3.277000		   2.723000		  -2.277000
    17.275		 360831.7		 7738295.3		24K		  -3.362298		   2.583410		  -2.371347
    17.953		 360476.3		 7737735.4		24K		   2.554238		   2.554238		  -2.430614
    18.630		 360019.9		 7737235.6		24K		   0.607706		   3.606257		  -2.390845
    19.307		 359628.8		 7736684.5		24K		   2.636807		   2.636807		  -2.362827
    19.985		 359239.5		 7736131.7		24K		   2.649768		   2.649768		  -2.342259
    20.662		 358957.6		 7735523.6		24K		   0.712463		   2.705365		  -2.276891
    21.340		 358903.3		 7734853.6		24K		   0.693099		   3.689206		  -2.303007
    22.017		 358920.9		 7734182.0		24K		   0.660036		   2.654102		  -2.331064
    22.695		 358681.8		 7733551.8		24K		   2.579292		   3.577470		  -2.411598
    23.372		 358326.8		 7732982.8		24K		  -0.438073		   3.544413		  -2.429316
    24.050		 357832.4		 7732528.2		24K		  -0.407245		   3.537015		  -2.379375
    24.727		 357750.8		 7731872.1		24K		  -0.318665		   2.668819		  -2.310321
    25.405		 357809.9		 7731200.4		24K		  -2.404113		   3.505218		  -2.404113
    26.082		 357532.4		 7730618.8		24K		  -2.402862		   3.505816		  -2.402862
    26.759		 356997.1		 7730203.2		24K		  -1.401986		   3.597965		  -2.401977
    27.437		 356461.8		 7729787.6		24K		   4.761914		   2.761950		  -2.237960
    28.114		 355931.0		 7729366.7		24K		   4.649586		   2.653199		  -2.337769
    28.792		 355500.5		 7728847.9		24K		   1.584923		   3.583566		  -2.412361
    29.469		 355096.5		 7728305.9		24K		   1.622962		   3.622916		  -2.376945
    30.147		 354702.3		 7727756.4		24K		  -0.298000		   2.702000		  -2.298000
    30.824		 354308.1		 7727207.1		24K		  -3.267000		   2.733000		  -2.267000
    31.502		 353913.5		 7726658.1		24K		  -3.291000		   2.709000		  -2.291000
    32.179		 353519.8		 7726108.3		24K		   1.617040		   3.614618		  -2.378117
    32.857		 353188.4		 7725521.9		24K		  -0.305658		   2.690987		  -2.303421
    33.534		 352903.3		 7724909.7		24K		   0.674000		   3.673999		  -2.326000
    34.211		 352619.0		 7724297.1		24K		  -0.439000		   3.560999		  -2.438999
    34.889		 352327.4		 7723688.1		24K		   0.629166		   2.623354		  -2.362116
    35.566		 351861.0		 7723204.0		24K		   0.647889		   3.615320		  -2.319542
    36.244		 351508.9		 7722657.4		24K		   1.579512		   3.552670		  -2.366802
    36.921		 351434.4		 7721987.1		24K		   2.664994		   3.664992		  -2.334995
    37.599		 351363.8		 7721316.3		24K		   7.656929		   2.657628		  -2.341672
    38.276		 351264.3		 7720649.6		24K		   7.679084		   2.682933		  -2.313218
    38.954		 351043.5		 7720012.6		24K		   4.628485		   3.630106		  -2.360168
    39.631		 350744.2		 7719410.2		24K		  -2.479092		   2.921979		  -2.479092
    40.309		 350202.6		 7719313.8		24K		   4.853479		   3.035016		  -2.420375
    40.986		 349640.5		 7719689.9		24K		  -1.298466		   3.691795		  -2.296518
    41.663		 348979.0		 7719837.7		24K		  -2.355109		   3.640077		  -2.355109
    42.341		 348325.5		 7719993.0		24K		   0.588589		   3.536449		  -2.359270
    43.018		 347697.6		 7720193.6		24K		  -0.351032		   2.615438		  -2.328679
    43.696		 347022.9		 7720225.4		24K		  -1.328820		   3.633166		  -2.321217
    44.373		 346354.7		 7720280.4		24K		   5.645400		   2.656307		  -2.325514
    45.051		 345690.9		 7720151.7		24K		   4.641503		   3.643759		  -2.342702
    45.728		 345013.7		 7720158.2		24K		   4.222896		   3.267057		  -2.467976
    46.406		 344542.6		 7719758.8		24K		   2.511848		   3.489982		  -2.378822
    47.083		 344239.8		 7719163.3		24K		   0.597071		   3.533484		  -2.339343
    47.761		 343907.2		 7718612.6		24K		   3.456426		   3.456426		  -2.338085
    48.438		 343295.8		 7718415.4		24K		   5.292105		   3.378489		  -2.362359
    49.115		 342746.5		 7718058.4		24K		   1.571631		   3.541094		  -2.367294
    49.793		 342098.5		 7717918.2		24K		   0.546234		   3.416115		  -2.323647
    50.470		 341496.1		 7717741.8		24K		   3.327887		   3.327887		  -2.372176
    51.148		 340911.7		 7717423.2		24K		  -0.256705		   2.716717		  -2.238987
    51.825		 340502.1		 7716896.3		24K		   0.531908		   3.417482		  -2.353667
    52.503		 339896.4		 7716745.4		24K		   0.532700		   3.422573		  -2.357173
    53.180		 339446.8		 7716240.4		24K		   4.523875		   3.536776		  -2.385819
    53.858		 338882.2		 7715937.4		24K		  -0.512555		   3.326811		  -2.432239
    54.535		 338334.7		 7715552.2		24K		   0.688824		   2.676773		  -2.293099
    55.213		 337712.7		 7715294.8		24K		  -2.398149		   3.226907		  -2.398149
    55.890		 337554.3		 7714707.8		24K		  -1.468688		   3.394517		  -2.441329
    56.567		 337319.9		 7714098.0		24K		  -2.389517		   3.476728		  -2.389517
    57.245		 336865.8		 7713625.7		24K		  -0.389447		   3.514788		  -2.341565
    57.922		 336946.4		 7712989.6		24K		  -0.421872		   3.466348		  -2.365982
    58.600		 337208.9		 7712390.0		24K		  -2.343894		   2.569930		  -2.343894
    59.277		 337082.5		 7711727.4		24K		  -0.333299		   2.598950		  -2.288131
    59.955		 337344.4		 7711132.9		24K		   1.507201		   3.438272		  -2.354941
    60.632		 337016.6		 7710582.1		24K		   1.645706		   3.636881		  -2.336644
    61.310		 336515.8		 7710128.6		24K		  -2.361154		   3.616451		  -2.361154
    61.987		 336061.2		 7709637.8		24K		  -0.291810		   2.675751		  -2.270184
    62.665		 335861.1		 7709006.7		24K		  -0.282531		   2.691475		  -2.265201
    63.342		 335885.6		 7708338.8		24K		   4.565815		   3.571517		  -2.394269
    64.019		 336266.2		 7707781.9		24K		  -3.368932		   2.558807		  -2.380975
    64.697		 336789.1		 7707406.4		24K		  -2.403441		   3.434877		  -2.403441
    65.374		 337432.8		 7707237.0		24K		  -0.375070		   3.471806		  -2.298509
    66.052		 337788.7		 7706702.0		24K		  -3.350743		   3.549875		  -2.364940
    66.729		 338287.9		 7706260.5		24K		  -3.326165		   3.619884		  -2.333872
    67.407		 338419.9		 7705685.4		24K		  -2.233780		   3.201208		  -3.320778
