Análise de HotSpots

Raio(m): 500
Número de Simulações: 1000
Intervalo de confiança(%): 95

Distância Linear (km)	Easting(m)		Northing(m)		Zona			HS			UCL			LCL
     0.339		 365228.3		 7753297.2		24K		  -0.862695		   1.500853		  -0.862695
     1.016		 365748.2		 7752895.5		24K		  -0.757747		   1.218126		  -0.757747
     1.694		 365979.3		 7752261.3		24K		  -0.765936		   1.220928		  -0.765936
     2.371		 366022.1		 7751602.1		24K		  -0.781141		   1.206495		  -0.781141
     3.049		 365932.9		 7750933.6		24K		  -0.800617		   1.147356		  -0.800617
     3.726		 365630.6		 7750390.2		24K		  -0.848974		   2.028904		  -0.848974
     4.403		 365050.1		 7750040.8		24K		  -0.765840		   1.231135		  -0.765840
     5.081		 364949.6		 7749374.4		24K		  -0.793609		   1.187937		  -0.793609
     5.758		 364954.3		 7748713.4		24K		  -0.788440		   2.153501		  -0.788440
     6.436		 364681.4		 7748115.7		24K		  -0.783677		   2.184796		  -0.783677
     7.113		 364256.0		 7747589.5		24K		  -0.762740		   1.236578		  -0.762740
     7.791		 363944.6		 7746990.2		24K		  -0.778000		   1.222000		  -0.778000
     8.468		 363638.5		 7746387.8		24K		  -0.829000		   2.171000		  -0.829000
     9.146		 363334.7		 7745784.7		24K		  -0.828979		   2.170945		  -0.828979
     9.823		 363039.5		 7745176.9		24K		  -0.785385		   1.213051		  -0.785385
    10.501		 362699.8		 7744596.6		24K		  -0.772420		   1.215791		  -0.772420
    11.178		 362254.7		 7744096.7		24K		  -0.779691		   1.204256		  -0.779691
    11.855		 361820.9		 7743578.6		24K		  -0.813263		   2.169364		  -0.813263
    12.533		 361586.9		 7742956.3		24K		   3.196927		   1.203830		  -0.789266
    13.210		 361475.6		 7742290.9		24K		   3.191717		   1.191894		  -0.807928
    13.888		 361374.3		 7741624.2		24K		   0.226979		   1.226885		  -0.772927
    14.565		 361264.6		 7740958.6		24K		  -0.829000		   2.171000		  -0.829000
    15.243		 361155.2		 7740292.9		24K		  -0.805000		   1.195000		  -0.805000
    15.920		 361046.0		 7739627.2		24K		  -0.819000		   2.181000		  -0.819000
    16.598		 360936.7		 7738961.5		24K		  -0.830000		   1.170000		  -0.830000
    17.275		 360831.7		 7738295.3		24K		  -0.779879		   1.202024		  -0.779879
    17.953		 360476.3		 7737735.4		24K		   1.223283		   1.223283		  -0.770658
    18.630		 360019.9		 7737235.6		24K		   1.191424		   1.191424		  -0.807610
    19.307		 359628.8		 7736684.5		24K		   1.218911		   1.218911		  -0.780943
    19.985		 359239.5		 7736131.7		24K		  -0.791736		   1.205076		  -0.791736
    20.662		 358957.6		 7735523.6		24K		   0.208258		   2.201161		  -0.788193
    21.340		 358903.3		 7734853.6		24K		  -0.782983		   1.214422		  -0.782983
    22.017		 358920.9		 7734182.0		24K		   1.225354		   1.225354		  -0.768713
    22.695		 358681.8		 7733551.8		24K		   1.199810		   1.199810		  -0.796546
    23.372		 358326.8		 7732982.8		24K		  -0.790523		   1.200720		  -0.790523
    24.050		 357832.4		 7732528.2		24K		  -0.753354		   1.218776		  -0.753354
    24.727		 357750.8		 7731872.1		24K		  -0.726954		   1.264701		  -0.726954
    25.405		 357809.9		 7731200.4		24K		  -0.772153		   1.197624		  -0.772153
    26.082		 357532.4		 7730618.8		24K		  -0.795702		   1.173857		  -0.795702
    26.759		 356997.1		 7730203.2		24K		   1.169989		   2.169979		  -0.829992
    27.437		 356461.8		 7729787.6		24K		   1.141979		   2.141961		  -0.857985
    28.114		 355931.0		 7729366.7		24K		   0.199639		   1.197832		  -0.798555
    28.792		 355500.5		 7728847.9		24K		   1.228166		   1.228166		  -0.770477
    29.469		 355096.5		 7728305.9		24K		   1.203972		   2.203949		  -0.795982
    30.147		 354702.3		 7727756.4		24K		   0.262000		   1.262000		  -0.738000
    30.824		 354308.1		 7727207.1		24K		  -0.801000		   2.199000		  -0.801000
    31.502		 353913.5		 7726658.1		24K		   0.162000		   1.162000		  -0.838000
    32.179		 353519.8		 7726108.3		24K		   1.201543		   1.201543		  -0.796035
    32.857		 353188.4		 7725521.9		24K		   0.215758		   1.214640		  -0.783123
    33.534		 352903.3		 7724909.7		24K		   0.168000		   1.168000		  -0.832000
    34.211		 352619.0		 7724297.1		24K		  -0.789000		   1.211000		  -0.789000
    34.889		 352327.4		 7723688.1		24K		   2.215543		   1.218449		  -0.775739
    35.566		 351861.0		 7723204.0		24K		   1.200820		   1.200820		  -0.777467
    36.244		 351508.9		 7722657.4		24K		   0.171665		   2.144822		  -0.814914
    36.921		 351434.4		 7721987.1		24K		   2.218995		   1.218997		  -0.780998
    37.599		 351363.8		 7721316.3		24K		   1.175836		   2.175696		  -0.823885
    38.276		 351264.3		 7720649.6		24K		   0.183858		   1.183089		  -0.815372
    38.954		 351043.5		 7720012.6		24K		   0.177711		   1.176091		  -0.820668
    39.631		 350744.2		 7719410.2		24K		  -0.803859		   1.896676		  -0.803859
    40.309		 350202.6		 7719313.8		24K		   1.028341		   1.937573		  -0.790122
    40.986		 349640.5		 7719689.9		24K		  -0.791455		   1.204649		  -0.791455
    41.663		 348979.0		 7719837.7		24K		  -0.838327		   2.159266		  -0.838327
    42.341		 348325.5		 7719993.0		24K		   0.202420		   1.185040		  -0.780200
    43.018		 347697.6		 7720193.6		24K		   0.263027		   1.251850		  -0.725796
    43.696		 347022.9		 7720225.4		24K		  -0.806819		   1.177975		  -0.806819
    44.373		 346354.7		 7720280.4		24K		  -0.823993		   1.168735		  -0.823993
    45.051		 345690.9		 7720151.7		24K		   0.181589		   1.179333		  -0.816154
    45.728		 345013.7		 7720158.2		24K		   2.063656		   2.063656		  -0.803860
    46.406		 344542.6		 7719758.8		24K		   0.211277		   1.189411		  -0.766857
    47.083		 344239.8		 7719163.3		24K		  -0.803598		   2.132815		  -0.803598
    47.761		 343907.2		 7718612.6		24K		  -0.815095		   2.082161		  -0.815095
    48.438		 343295.8		 7718415.4		24K		   2.034174		   1.077366		  -0.836250
    49.115		 342746.5		 7718058.4		24K		   2.141791		   1.157059		  -0.812403
    49.793		 342098.5		 7717918.2		24K		   0.142537		   2.055791		  -0.814090
    50.470		 341496.1		 7717741.8		24K		  -0.860709		   1.989322		  -0.860709
    51.148		 340911.7		 7717423.2		24K		  -0.824629		   2.148794		  -0.824629
    51.825		 340502.1		 7716896.3		24K		   0.124080		   2.047796		  -0.837778
    52.503		 339896.4		 7716745.4		24K		   0.116558		   2.043140		  -0.846733
    53.180		 339446.8		 7716240.4		24K		  -0.788692		   1.185506		  -0.788692
    53.858		 338882.2		 7715937.4		24K		   0.189089		   1.148930		  -0.770753
    54.535		 338334.7		 7715552.2		24K		   1.195751		   1.195751		  -0.792198
    55.213		 337712.7		 7715294.8		24K		   0.160314		   2.035333		  -0.777195
    55.890		 337554.3		 7714707.8		24K		   0.121580		   2.066862		  -0.851061
    56.567		 337319.9		 7714098.0		24K		  -0.802698		   1.152717		  -0.802698
    57.245		 336865.8		 7713625.7		24K		  -0.820865		   1.131252		  -0.820865
    57.922		 336946.4		 7712989.6		24K		  -0.778616		   1.165494		  -0.778616
    58.600		 337208.9		 7712390.0		24K		  -0.780315		   1.185214		  -0.780315
    59.277		 337082.5		 7711727.4		24K		  -0.828849		   1.125984		  -0.828849
    59.955		 337344.4		 7711132.9		24K		   0.200831		   1.166367		  -0.764704
    60.632		 337016.6		 7710582.1		24K		   0.213056		   1.208643		  -0.782532
    61.310		 336515.8		 7710128.6		24K		   2.166882		   1.170614		  -0.821921
    61.987		 336061.2		 7709637.8		24K		  -0.807177		   1.171198		  -0.807177
    62.665		 335861.1		 7709006.7		24K		   0.177449		   1.168784		  -0.813886
    63.342		 335885.6		 7708338.8		24K		   0.166048		   2.154643		  -0.828250
    64.019		 336266.2		 7707781.9		24K		  -0.787401		   1.188512		  -0.787401
    64.697		 336789.1		 7707406.4		24K		  -0.766766		   1.179340		  -0.766766
    65.374		 337432.8		 7707237.0		24K		  -0.767452		   1.155986		  -0.767452
    66.052		 337788.7		 7706702.0		24K		  -0.763997		   1.207608		  -0.763997
    66.729		 338287.9		 7706260.5		24K		  -0.806734		   1.177851		  -0.806734
    67.407		 338419.9		 7705685.4		24K		  -0.793508		   1.380487		  -0.793508
