Estatística K de Ripley 

Intervalo de Confiança (%): 95
Número de Simulações: 100
Raio Inicial (km): 0.5
Passo (km): 0.5

r(km)			L			UCL			LCL
   0.500		  +500.871		   +13.222		   -11.977
   1.000		 +1096.107		   +18.026		   -17.943
   1.500		 +1254.351		   +23.659		   -18.530
   2.000		 +1597.499		   +27.322		   -24.682
   2.500		 +1653.142		   +29.219		   -29.065
   3.000		 +1835.939		   +31.680		   -34.819
   3.500		 +1862.427		   +38.052		   -38.597
   4.000		 +2191.879		   +41.915		   -39.109
   4.500		 +2230.115		   +40.639		   -39.631
   5.000		 +2551.445		   +46.488		   -45.871
   5.500		 +2674.293		   +52.992		   -46.140
   6.000		 +2878.871		   +53.246		   -49.463
   6.500		 +3014.104		   +62.909		   -55.093
   7.000		 +3213.358		   +68.844		   -49.922
   7.500		 +3317.350		   +71.206		   -53.646
   8.000		 +3564.643		   +76.907		   -53.496
   8.500		 +3736.508		   +83.726		   -54.941
   9.000		 +3976.428		   +90.006		   -72.911
   9.500		 +4037.211		   +91.050		   -75.819
  10.000		 +4236.103		   +92.125		   -88.480
  10.500		 +4288.168		   +99.358		   -89.111
  11.000		 +4442.352		  +112.795		   -92.559
  11.500		 +4531.715		  +120.869		   -98.569
  12.000		 +4763.083		  +132.672		  -124.228
  12.500		 +4863.462		  +134.829		  -117.478
  13.000		 +5066.247		  +150.368		  -120.411
  13.500		 +5331.794		  +155.398		  -131.184
  14.000		 +5533.007		  +171.314		  -139.986
  14.500		 +5785.482		  +167.245		  -144.016
  15.000		 +5869.885		  +169.051		  -136.954
  15.500		 +6109.491		  +168.410		  -141.843
  16.000		 +6188.517		  +169.464		  -158.168
  16.500		 +6307.237		  +166.154		  -161.483
  17.000		 +6305.063		  +169.853		  -178.879
  17.500		 +6410.976		  +201.178		  -151.625
  18.000		 +6455.426		  +246.521		  -175.725
  18.500		 +6643.277		  +245.755		  -176.487
  19.000		 +6652.218		  +251.477		  -194.484
  19.500		 +6840.664		  +248.482		  -213.036
  20.000		 +6856.323		  +267.703		  -232.404
  20.500		 +6941.375		  +262.888		  -251.854
  21.000		 +7006.340		  +268.652		  -277.068
  21.500		 +7055.763		  +281.187		  -287.610
  22.000		 +7109.321		  +293.548		  -298.319
  22.500		 +7166.378		  +308.440		  -323.224
  23.000		 +7146.722		  +328.314		  -355.037
  23.500		 +7164.937		  +356.746		  -374.880
  24.000		 +7142.075		  +379.954		  -391.103
  24.500		 +7117.056		  +406.406		  -405.466
  25.000		 +7135.313		  +427.876		  -416.882
  25.500		 +7138.587		  +433.385		  -457.541
  26.000		 +7180.473		  +440.671		  -487.893
  26.500		 +7303.848		  +458.122		  -509.745
  27.000		 +7383.867		  +472.687		  -512.015
  27.500		 +7526.872		  +484.693		  -505.624
  28.000		 +7565.068		  +480.435		  -513.539
  28.500		 +7611.366		  +505.596		  -523.618
  29.000		 +7533.828		  +503.298		  -545.398
  29.500		 +7485.049		  +508.271		  -571.894
  30.000		 +7405.164		  +517.918		  -590.429
  30.500		 +7361.561		  +544.760		  -590.759
  31.000		 +7269.873		  +557.422		  -576.785
  31.500		 +7190.205		  +554.779		  -596.476
  32.000		 +7026.773		  +551.527		  -605.648
  32.500		 +6825.768		  +550.653		  -597.898
  33.000		 +6660.126		  +555.536		  -597.406
  33.500		 +6445.730		  +570.859		  -603.407
  34.000		 +6303.900		  +571.616		  -594.131
  34.500		 +6086.840		  +580.749		  -567.780
  35.000		 +5923.466		  +551.022		  -549.042
  35.500		 +5666.457		  +534.446		  -530.504
  36.000		 +5494.811		  +510.574		  -528.890
  36.500		 +5261.978		  +491.091		  -531.986
  37.000		 +5032.541		  +492.110		  -508.959
  37.500		 +4769.912		  +483.907		  -522.537
  38.000		 +4555.144		  +463.966		  -503.740
  38.500		 +4363.679		  +448.099		  -514.990
  39.000		 +4120.367		  +444.059		  -514.719
  39.500		 +3917.168		  +435.677		  -479.984
  40.000		 +3758.204		  +431.877		  -447.531
  40.500		 +3582.241		  +422.154		  -419.446
  41.000		 +3425.314		  +400.011		  -391.383
  41.500		 +3239.600		  +389.355		  -387.468
  42.000		 +3089.298		  +389.701		  -377.108
  42.500		 +2910.749		  +372.290		  -369.364
  43.000		 +2734.337		  +358.382		  -372.448
  43.500		 +2579.090		  +330.486		  -353.867
  44.000		 +2449.985		  +310.582		  -329.129
  44.500		 +2272.222		  +310.253		  -319.199
  45.000		 +2152.084		  +300.858		  -300.799
  45.500		 +1997.584		  +283.039		  -287.959
  46.000		 +1861.542		  +265.140		  -256.382
  46.500		 +1701.248		  +243.427		  -261.580
  47.000		 +1551.053		  +212.576		  -237.413
  47.500		 +1400.824		  +205.262		  -229.827
  48.000		 +1263.050		  +191.724		  -224.952
  48.500		 +1141.566		  +192.510		  -200.737
  49.000		 +1016.327		  +179.483		  -186.137
  49.500		  +887.750		  +165.159		  -166.847
  50.000		  +768.965		  +148.502		  -160.876
  50.500		  +632.095		  +118.195		  -139.090
  51.000		  +494.790		  +117.191		  -136.085
  51.500		  +414.745		   +93.049		  -113.020
  52.000		  +330.162		   +99.956		  -109.508
  52.500		  +268.979		   +82.957		   -87.765
  53.000		  +199.769		   +60.903		   -72.081
  53.500		  +146.412		   +43.068		   -55.222
  54.000		   +67.149		   +25.897		   -33.954
  54.500		   +16.871		    +9.700		   -12.604
  55.000		    +0.162		    +2.371		    -3.551
  55.500		    -0.000		    -0.000		    -0.000
  56.000		    -0.000		    -0.000		    -0.000
  56.500		    +0.000		    +0.000		    +0.000
  57.000		    -0.000		    -0.000		    -0.000
  57.500		    -0.000		    -0.000		    -0.000
  58.000		    +0.000		    +0.000		    +0.000
  58.500		    -0.000		    -0.000		    -0.000
  59.000		    -0.000		    -0.000		    -0.000
  59.500		    +0.000		    +0.000		    +0.000
  60.000		    +0.000		    +0.000		    +0.000
  60.500		    -0.000		    -0.000		    -0.000
  61.000		    +0.000		    +0.000		    +0.000
  61.500		    +0.000		    +0.000		    +0.000
  62.000		    -0.000		    -0.000		    -0.000
  62.500		    +0.000		    +0.000		    +0.000
  63.000		    +0.000		    +0.000		    +0.000
  63.500		    -0.000		    -0.000		    -0.000
  64.000		    +0.000		    +0.000		    +0.000
  64.500		    +0.000		    +0.000		    +0.000
  65.000		    -0.000		    -0.000		    -0.000
  65.500		    +0.000		    +0.000		    +0.000
  66.000		    -0.000		    -0.000		    -0.000
  66.500		    +0.000		    +0.000		    +0.000
  67.000		    +0.000		    +0.000		    +0.000
  67.500		    -0.000		    -0.000		    -0.000
